Title: Circuito RD – Usa um diodo como varactor (varicap)
Date: Tue Aug 13 12:20:30  2024
Plotname: Transient Analysis
Flags: real
Sckt. naming: from bottom to top
No. Variables: 3
No. Points: 837
Variables:
	0	time	time
	1	v(2)	voltage
	2	v(3)	voltage
Values:
 0	0.000000000000000e+00
	0.000000000000000e+00
	0.000000000000000e+00

 1	5.000000000000000e-10
	0.000000000000000e+00
	0.000000000000000e+00

 2	1.000000000000000e-09
	0.000000000000000e+00
	0.000000000000000e+00

 3	1.500000000000000e-09
	0.000000000000000e+00
	0.000000000000000e+00

 4	2.000000000000000e-09
	0.000000000000000e+00
	0.000000000000000e+00

 5	3.000000000000000e-09
	9.999999999999999e-09
	4.545454524793388e-17

 6	5.000000000000000e-09
	3.000000000000000e-08
	2.272727258264463e-16

 7	9.000000000000000e-09
	7.000000000000000e-08
	1.136363622520661e-15

 8	1.700000000000000e-08
	1.500000000000000e-07
	5.136363508471078e-15

 9	3.300000000000000e-08
	3.100000000000000e-07
	2.186363525392567e-14

 10	6.499999999999999e-08
	6.299999999999998e-07
	9.022726346549665e-14

 11	1.290000000000000e-07
	1.270000000000000e-06
	3.665908333828643e-13

 12	2.569999999999999e-07
	2.549999999999999e-06
	1.477863024087196e-12

 13	5.129999999999999e-07
	5.109999999999999e-06
	5.934585984116863e-12

 14	1.025000000000000e-06
	1.023000000000000e-05
	2.378473321981815e-11

 15	2.049000000000000e-06
	2.047000000000000e-05
	9.523172896332436e-11

 16	4.097000000000000e-06
	4.095000000000000e-05
	3.811116936193938e-10

 17	8.192999999999999e-06
	8.190999999999999e-05
	1.524808860322600e-09

 18	1.638500000000000e-05
	1.638300000000000e-04
	6.099898902127167e-09

 19	3.276900000000000e-05
	3.276700000000000e-04
	2.440043590784188e-08

 20	6.553699999999999e-05
	6.553499999999999e-04
	9.759953060124515e-08

 21	1.310730000000000e-04
	1.310710000000000e-03
	3.903625512308021e-07

 22	2.621450000000000e-04
	2.621430000000000e-03
	1.561129978619728e-06

 23	5.121450000000000e-04
	5.121429999999999e-03
	5.956211034862070e-06

 24	7.621450000000000e-04
	7.621430000000000e-03
	1.318559637156297e-05

 25	1.000002000000000e-03
	1.000000000000000e-02
	2.269206619502865e-05

 26	1.475716000000000e-03
	1.000000000000000e-02
	4.421981172450724e-05

 27	2.042284593449298e-03
	1.000000000000000e-02
	6.979319038262343e-05

 28	3.175421780347895e-03
	1.000000000000000e-02
	1.206778599202371e-04

 29	5.441696154145088e-03
	1.000000000000000e-02
	2.219257094346540e-04

 30	9.974244901739475e-03
	1.000000000000000e-02
	4.213243744118343e-04

 31	1.497424490173948e-02
	1.000000000000000e-02
	6.365755120655009e-04

 32	1.997424490173948e-02
	1.000000000000000e-02
	8.469895455022313e-04

 33	2.497424490173948e-02
	1.000000000000000e-02
	1.052675173693192e-03

 34	2.997424490173948e-02
	1.000000000000000e-02
	1.253738652936042e-03

 35	3.497424490173948e-02
	1.000000000000000e-02
	1.450283851746468e-03

 36	3.997424490173947e-02
	1.000000000000000e-02
	1.642412304516210e-03

 37	4.497424490173947e-02
	1.000000000000000e-02
	1.830223263965284e-03

 38	4.997424490173947e-02
	1.000000000000000e-02
	2.013813752415502e-03

 39	5.497424490173947e-02
	1.000000000000000e-02
	2.193278611911783e-03

 40	5.997424490173946e-02
	1.000000000000000e-02
	2.368710553217136e-03

 41	6.497424490173946e-02
	1.000000000000000e-02
	2.540200203706639e-03

 42	6.997424490173947e-02
	1.000000000000000e-02
	2.707836154185142e-03

 43	7.497424490173947e-02
	1.000000000000000e-02
	2.871705004652892e-03

 44	7.997424490173947e-02
	1.000000000000000e-02
	3.031891409042715e-03

 45	8.497424490173948e-02
	1.000000000000000e-02
	3.188478118951869e-03

 46	8.997424490173948e-02
	1.000000000000000e-02
	3.341546026391154e-03

 47	9.497424490173949e-02
	1.000000000000000e-02
	3.491174205573376e-03

 48	9.997424490173949e-02
	1.000000000000000e-02
	3.637439953762738e-03

 49	1.049742449017395e-01
	1.000000000000000e-02
	3.780418831206272e-03

 50	1.099742449017395e-01
	1.000000000000000e-02
	3.920184700167930e-03

 51	1.149742449017395e-01
	1.000000000000000e-02
	4.056809763085505e-03

 52	1.199742449017395e-01
	1.000000000000000e-02
	4.190364599870101e-03

 53	1.249742449017395e-01
	1.000000000000000e-02
	4.320918204367401e-03

 54	1.299742449017395e-01
	1.000000000000000e-02
	4.448538019999594e-03

 55	1.349742449017395e-01
	1.000000000000000e-02
	4.573289974606346e-03

 56	1.399742449017395e-01
	1.000000000000000e-02
	4.695238514502834e-03

 57	1.449742449017395e-01
	1.000000000000000e-02
	4.814446637772434e-03

 58	1.499742449017395e-01
	1.000000000000000e-02
	4.930975926811256e-03

 59	1.549742449017395e-01
	1.000000000000000e-02
	5.044886580141341e-03

 60	1.599742449017395e-01
	1.000000000000000e-02
	5.156237443508952e-03

 61	1.649742449017395e-01
	1.000000000000000e-02
	5.265086040284031e-03

 62	1.699742449017395e-01
	1.000000000000000e-02
	5.371488601176525e-03

 63	1.749742449017395e-01
	1.000000000000000e-02
	5.475500093284918e-03

 64	1.799742449017395e-01
	1.000000000000000e-02
	5.577174248492000e-03

 65	1.849742449017396e-01
	1.000000000000000e-02
	5.676563591222517e-03

 66	1.899742449017396e-01
	1.000000000000000e-02
	5.773719465577068e-03

 67	1.949742449017396e-01
	1.000000000000000e-02
	5.868692061856236e-03

 68	1.999742449017396e-01
	1.000000000000000e-02
	5.961530442488680e-03

 69	2.049742449017396e-01
	1.000000000000000e-02
	6.052282567376576e-03

 70	2.099742449017396e-01
	1.000000000000000e-02
	6.140995318671485e-03

 71	2.149742449017396e-01
	1.000000000000000e-02
	6.227714524993475e-03

 72	2.199742449017396e-01
	1.000000000000000e-02
	6.312484985105982e-03

 73	2.249742449017396e-01
	1.000000000000000e-02
	6.395350491058657e-03

 74	2.299742449017396e-01
	1.000000000000000e-02
	6.476353850810150e-03

 75	2.349742449017396e-01
	1.000000000000000e-02
	6.555536910342507e-03

 76	2.399742449017396e-01
	1.000000000000000e-02
	6.632940575278631e-03

 77	2.449742449017396e-01
	1.000000000000000e-02
	6.708604832013941e-03

 78	2.499742449017396e-01
	1.000000000000000e-02
	6.782568768373179e-03

 79	2.549742449017396e-01
	1.000000000000000e-02
	6.854870593802997e-03

 80	2.599742449017396e-01
	1.000000000000000e-02
	6.925547659110796e-03

 81	2.649742449017396e-01
	1.000000000000000e-02
	6.994636475759991e-03

 82	2.699742449017396e-01
	1.000000000000000e-02
	7.062172734731677e-03

 83	2.749742449017396e-01
	1.000000000000000e-02
	7.128191324962426e-03

 84	2.799742449017396e-01
	1.000000000000000e-02
	7.192726351367766e-03

 85	2.849742449017396e-01
	1.000000000000000e-02
	7.255811152460627e-03

 86	2.899742449017396e-01
	1.000000000000000e-02
	7.317478317573872e-03

 87	2.949742449017396e-01
	1.000000000000000e-02
	7.377759703695808e-03

 88	2.999742449017396e-01
	1.000000000000000e-02
	7.436686451927363e-03

 89	3.049742449017396e-01
	1.000000000000000e-02
	7.494289003569445e-03

 90	3.099742449017396e-01
	1.000000000000000e-02
	7.550597115848783e-03

 91	3.149742449017396e-01
	1.000000000000000e-02
	7.605639877290384e-03

 92	3.199742449017396e-01
	1.000000000000000e-02
	7.659445722744533e-03

 93	3.249742449017397e-01
	1.000000000000000e-02
	7.712042448076118e-03

 94	3.299742449017397e-01
	1.000000000000000e-02
	7.763457224523847e-03

 95	3.349742449017397e-01
	1.000000000000000e-02
	7.813716612736794e-03

 96	3.399742449017397e-01
	1.000000000000000e-02
	7.862846576495518e-03

 97	3.449742449017397e-01
	1.000000000000000e-02
	7.910872496124832e-03

 98	3.499742449017397e-01
	1.000000000000000e-02
	7.957819181605172e-03

 99	3.549742449017397e-01
	1.000000000000000e-02
	8.003710885389323e-03

 100	3.599742449017397e-01
	1.000000000000000e-02
	8.048571314931136e-03

 101	3.649742449017397e-01
	1.000000000000000e-02
	8.092423644932685e-03

 102	3.699742449017397e-01
	1.000000000000000e-02
	8.135290529316221e-03

 103	3.749742449017397e-01
	1.000000000000000e-02
	8.177194112927094e-03

 104	3.799742449017397e-01
	1.000000000000000e-02
	8.218156042973676e-03

 105	3.849742449017397e-01
	1.000000000000000e-02
	8.258197480210221e-03

 106	3.899742449017397e-01
	1.000000000000000e-02
	8.297339109868417e-03

 107	3.949742449017397e-01
	1.000000000000000e-02
	8.335601152343285e-03

 108	3.999742449017397e-01
	1.000000000000000e-02
	8.373003373638941e-03

 109	4.049742449017397e-01
	1.000000000000000e-02
	8.409565095579639e-03

 110	4.099742449017397e-01
	1.000000000000000e-02
	8.445305205791332e-03

 111	4.149742449017397e-01
	1.000000000000000e-02
	8.480242167458943e-03

 112	4.199742449017397e-01
	1.000000000000000e-02
	8.514394028864360e-03

 113	4.249742449017397e-01
	1.000000000000000e-02
	8.547778432710106e-03

 114	4.299742449017397e-01
	1.000000000000000e-02
	8.580412625233475e-03

 115	4.349742449017397e-01
	1.000000000000000e-02
	8.612313465115869e-03

 116	4.399742449017398e-01
	1.000000000000000e-02
	8.643497432191916e-03

 117	4.449742449017398e-01
	1.000000000000000e-02
	8.673980635962884e-03

 118	4.499742449017398e-01
	1.000000000000000e-02
	8.703778823918778e-03

 119	4.549742449017398e-01
	1.000000000000000e-02
	8.732907389673413e-03

 120	4.599742449017398e-01
	1.000000000000000e-02
	8.761381380916707e-03

 121	4.649742449017398e-01
	1.000000000000000e-02
	8.789215507188241e-03

 122	4.699742449017398e-01
	1.000000000000000e-02
	8.816424147476146e-03

 123	4.749742449017398e-01
	1.000000000000000e-02
	8.843021357645224e-03

 124	4.799742449017398e-01
	1.000000000000000e-02
	8.869020877698140e-03

 125	4.849742449017398e-01
	1.000000000000000e-02
	8.894436138873463e-03

 126	4.899742449017398e-01
	1.000000000000000e-02
	8.919280270584175e-03

 127	4.949742449017398e-01
	1.000000000000000e-02
	8.943566107200259e-03

 128	4.999742449017398e-01
	1.000000000000000e-02
	8.967306194678903e-03

 129	5.049742449017398e-01
	1.000000000000000e-02
	8.990512797045668e-03

 130	5.099742449017398e-01
	1.000000000000000e-02
	9.013197902730034e-03

 131	5.149742449017398e-01
	1.000000000000000e-02
	9.035373230758575e-03

 132	5.199742449017398e-01
	1.000000000000000e-02
	9.057050236808943e-03

 133	5.249742449017398e-01
	1.000000000000000e-02
	9.078240119127841e-03

 134	5.299742449017398e-01
	1.000000000000000e-02
	9.098953824315980e-03

 135	5.349742449017398e-01
	1.000000000000000e-02
	9.119202052983036e-03

 136	5.399742449017398e-01
	1.000000000000000e-02
	9.138995265275552e-03

 137	5.449742449017398e-01
	1.000000000000000e-02
	9.158343686280594e-03

 138	5.499742449017399e-01
	1.000000000000000e-02
	9.177257311307996e-03

 139	5.549742449017399e-01
	1.000000000000000e-02
	9.195745911053883e-03

 140	5.599742449017399e-01
	1.000000000000000e-02
	9.213819036648179e-03

 141	5.649742449017399e-01
	1.000000000000000e-02
	9.231486024588668e-03

 142	5.699742449017399e-01
	1.000000000000000e-02
	9.248756001564206e-03

 143	5.749742449017399e-01
	1.000000000000000e-02
	9.265637889169502e-03

 144	5.799742449017399e-01
	1.000000000000000e-02
	9.282140408514007e-03

 145	5.849742449017399e-01
	1.000000000000000e-02
	9.298272084727176e-03

 146	5.899742449017399e-01
	1.000000000000000e-02
	9.314041251362520e-03

 147	5.949742449017399e-01
	1.000000000000000e-02
	9.329456054702690e-03

 148	5.999742449017399e-01
	1.000000000000000e-02
	9.344524457967801e-03

 149	6.049742449017399e-01
	1.000000000000000e-02
	9.359254245429199e-03

 150	6.099742449017399e-01
	1.000000000000000e-02
	9.373653026430789e-03

 151	6.149742449017399e-01
	1.000000000000000e-02
	9.387728239319984e-03

 152	6.199742449017399e-01
	1.000000000000000e-02
	9.401487155290322e-03

 153	6.249742449017399e-01
	1.000000000000000e-02
	9.414936882137731e-03

 154	6.299742449017399e-01
	1.000000000000000e-02
	9.428084367932387e-03

 155	6.349742449017399e-01
	1.000000000000000e-02
	9.440936404608063e-03

 156	6.399742449017399e-01
	1.000000000000000e-02
	9.453499631470802e-03

 157	6.449742449017399e-01
	1.000000000000000e-02
	9.465780538628763e-03

 158	6.499742449017399e-01
	1.000000000000000e-02
	9.477785470344972e-03

 159	6.549742449017399e-01
	1.000000000000000e-02
	9.489520628314749e-03

 160	6.599742449017399e-01
	1.000000000000000e-02
	9.500992074869473e-03

 161	6.649742449017400e-01
	1.000000000000000e-02
	9.512205736108363e-03

 162	6.699742449017400e-01
	1.000000000000000e-02
	9.523167404959862e-03

 163	6.749742449017400e-01
	1.000000000000000e-02
	9.533882744174249e-03

 164	6.799742449017400e-01
	1.000000000000000e-02
	9.544357289248986e-03

 165	6.849742449017400e-01
	1.000000000000000e-02
	9.554596451288335e-03

 166	6.899742449017400e-01
	1.000000000000000e-02
	9.564605519798710e-03

 167	6.949742449017400e-01
	1.000000000000000e-02
	9.574389665421214e-03

 168	6.999742449017400e-01
	1.000000000000000e-02
	9.583953942602761e-03

 169	7.049742449017400e-01
	1.000000000000000e-02
	9.593303292207193e-03

 170	7.099742449017400e-01
	1.000000000000000e-02
	9.602442544067710e-03

 171	7.149742449017400e-01
	1.000000000000000e-02
	9.611376419481919e-03

 172	7.199742449017400e-01
	1.000000000000000e-02
	9.620109533650867e-03

 173	7.249742449017400e-01
	1.000000000000000e-02
	9.628646398063207e-03

 174	7.299742449017400e-01
	1.000000000000000e-02
	9.636991422825831e-03

 175	7.349742449017400e-01
	1.000000000000000e-02
	9.645148918942106e-03

 176	7.399742449017400e-01
	1.000000000000000e-02
	9.653123100538914e-03

 177	7.449742449017400e-01
	1.000000000000000e-02
	9.660918087043660e-03

 178	7.499742449017400e-01
	1.000000000000000e-02
	9.668537905312342e-03

 179	7.549742449017400e-01
	1.000000000000000e-02
	9.675986491709820e-03

 180	7.599742449017400e-01
	1.000000000000000e-02
	9.683267694143306e-03

 181	7.649742449017400e-01
	1.000000000000000e-02
	9.690385274050200e-03

 182	7.699742449017400e-01
	1.000000000000000e-02
	9.697342908341209e-03

 183	7.749742449017401e-01
	1.000000000000000e-02
	9.704144191299833e-03

 184	7.799742449017401e-01
	1.000000000000000e-02
	9.710792636439166e-03

 185	7.849742449017401e-01
	1.000000000000000e-02
	9.717291678316940e-03

 186	7.899742449017401e-01
	1.000000000000000e-02
	9.723644674309818e-03

 187	7.949742449017401e-01
	1.000000000000000e-02
	9.729854906347798e-03

 188	7.999742449017401e-01
	1.000000000000000e-02
	9.735925582609644e-03

 189	8.049742449017401e-01
	1.000000000000000e-02
	9.741859839180213e-03

 190	8.099742449017401e-01
	1.000000000000000e-02
	9.747660741670548e-03

 191	8.149742449017401e-01
	1.000000000000000e-02
	9.753331286801547e-03

 192	8.199742449017401e-01
	1.000000000000000e-02
	9.758874403952072e-03

 193	8.249742449017401e-01
	1.000000000000000e-02
	9.764292956672249e-03

 194	8.299742449017401e-01
	1.000000000000000e-02
	9.769589744162760e-03

 195	8.349742449017401e-01
	1.000000000000000e-02
	9.774767502720902e-03

 196	8.399742449017401e-01
	1.000000000000000e-02
	9.779828907154143e-03

 197	8.449742449017401e-01
	1.000000000000000e-02
	9.784776572161915e-03

 198	8.499742449017401e-01
	1.000000000000000e-02
	9.789613053686367e-03

 199	8.549742449017401e-01
	1.000000000000000e-02
	9.794340850232742e-03

 200	8.599742449017401e-01
	1.000000000000000e-02
	9.798962404160097e-03

 201	8.649742449017401e-01
	1.000000000000000e-02
	9.803480102943019e-03

 202	8.699742449017401e-01
	1.000000000000000e-02
	9.807896280404974e-03

 203	8.749742449017401e-01
	1.000000000000000e-02
	9.812213217923966e-03

 204	8.799742449017401e-01
	1.000000000000000e-02
	9.816433145611069e-03

 205	8.849742449017401e-01
	1.000000000000000e-02
	9.820558243462505e-03

 206	8.899742449017402e-01
	1.000000000000000e-02
	9.824590642485819e-03

 207	8.949742449017402e-01
	1.000000000000000e-02
	9.828532425800745e-03

 208	8.999742449017402e-01
	1.000000000000000e-02
	9.832385629715333e-03

 209	9.049742449017402e-01
	1.000000000000000e-02
	9.836152244777911e-03

 210	9.099742449017402e-01
	1.000000000000000e-02
	9.839834216805376e-03

 211	9.149742449017402e-01
	1.000000000000000e-02
	9.843433447888400e-03

 212	9.199742449017402e-01
	1.000000000000000e-02
	9.846951797374052e-03

 213	9.249742449017402e-01
	1.000000000000000e-02
	9.850391082826320e-03

 214	9.299742449017402e-01
	1.000000000000000e-02
	9.853753080965057e-03

 215	9.349742449017402e-01
	1.000000000000000e-02
	9.857039528583821e-03

 216	9.399742449017402e-01
	1.000000000000000e-02
	9.860252123447105e-03

 217	9.449742449017402e-01
	1.000000000000000e-02
	9.863392525167396e-03

 218	9.499742449017402e-01
	1.000000000000000e-02
	9.866462356062511e-03

 219	9.549742449017402e-01
	1.000000000000000e-02
	9.869463201993688e-03

 220	9.599742449017402e-01
	1.000000000000000e-02
	9.872396613184838e-03

 221	9.649742449017402e-01
	1.000000000000000e-02
	9.875264105023384e-03

 222	9.699742449017402e-01
	1.000000000000000e-02
	9.878067158843084e-03

 223	9.749742449017402e-01
	1.000000000000000e-02
	9.880807222689305e-03

 224	9.799742449017402e-01
	1.000000000000000e-02
	9.883485712067073e-03

 225	9.849742449017402e-01
	1.000000000000000e-02
	9.886104010672310e-03

 226	9.899742449017402e-01
	1.000000000000000e-02
	9.888663471106639e-03

 227	9.949742449017402e-01
	1.000000000000000e-02
	9.891165415576152e-03

 228	9.999742449017403e-01
	1.000000000000000e-02
	9.893611136574439e-03

 229	1.004974244901740e+00
	1.000000000000000e-02
	9.896001897550293e-03

 230	1.009974244901740e+00
	1.000000000000000e-02
	9.898338933560399e-03

 231	1.014974244901740e+00
	1.000000000000000e-02
	9.900623451907358e-03

 232	1.019974244901740e+00
	1.000000000000000e-02
	9.902856632763374e-03

 233	1.024974244901740e+00
	1.000000000000000e-02
	9.905039629779929e-03

 234	1.029974244901740e+00
	1.000000000000000e-02
	9.907173570683752e-03

 235	1.034974244901740e+00
	1.000000000000000e-02
	9.909259557859398e-03

 236	1.039974244901740e+00
	1.000000000000000e-02
	9.911298668918735e-03

 237	1.044974244901739e+00
	1.000000000000000e-02
	9.913291957257641e-03

 238	1.049974244901739e+00
	1.000000000000000e-02
	9.915240452600164e-03

 239	1.054974244901739e+00
	1.000000000000000e-02
	9.917145161530500e-03

 240	1.059974244901739e+00
	1.000000000000000e-02
	9.919007068012962e-03

 241	1.064974244901739e+00
	1.000000000000000e-02
	9.920827133900311e-03

 242	1.069974244901739e+00
	1.000000000000000e-02
	9.922606299430642e-03

 243	1.074974244901739e+00
	1.000000000000000e-02
	9.924345483713100e-03

 244	1.079974244901739e+00
	1.000000000000000e-02
	9.926045585202692e-03

 245	1.084974244901739e+00
	1.000000000000000e-02
	9.927707482164429e-03

 246	1.089974244901738e+00
	1.000000000000000e-02
	9.929332033127026e-03

 247	1.094974244901738e+00
	1.000000000000000e-02
	9.930920077326417e-03

 248	1.099974244901738e+00
	1.000000000000000e-02
	9.932472435139304e-03

 249	1.104974244901738e+00
	1.000000000000000e-02
	9.933989908506958e-03

 250	1.109974244901738e+00
	1.000000000000000e-02
	9.935473281349498e-03

 251	1.114974244901738e+00
	1.000000000000000e-02
	9.936923319970857e-03

 252	1.119974244901738e+00
	1.000000000000000e-02
	9.938340773454660e-03

 253	1.124974244901738e+00
	1.000000000000000e-02
	9.939726374051187e-03

 254	1.129974244901738e+00
	1.000000000000000e-02
	9.941080837555656e-03

 255	1.134974244901737e+00
	1.000000000000000e-02
	9.942404863678001e-03

 256	1.139974244901737e+00
	1.000000000000000e-02
	9.943699136404338e-03

 257	1.144974244901737e+00
	1.000000000000000e-02
	9.944964324350308e-03

 258	1.149974244901737e+00
	1.000000000000000e-02
	9.946201081106481e-03

 259	1.154974244901737e+00
	1.000000000000000e-02
	9.947410045576000e-03

 260	1.159974244901737e+00
	1.000000000000000e-02
	9.948591842304632e-03

 261	1.164974244901737e+00
	1.000000000000000e-02
	9.949747081803406e-03

 262	1.169974244901737e+00
	1.000000000000000e-02
	9.950876360864004e-03

 263	1.174974244901737e+00
	1.000000000000000e-02
	9.951980262867061e-03

 264	1.179974244901737e+00
	1.000000000000000e-02
	9.953059358083532e-03

 265	1.184974244901736e+00
	1.000000000000000e-02
	9.954114203969296e-03

 266	1.189974244901736e+00
	1.000000000000000e-02
	9.955145345453133e-03

 267	1.194974244901736e+00
	1.000000000000000e-02
	9.956153315218231e-03

 268	1.199974244901736e+00
	1.000000000000000e-02
	9.957138633977373e-03

 269	1.204974244901736e+00
	1.000000000000000e-02
	9.958101810741927e-03

 270	1.209974244901736e+00
	1.000000000000000e-02
	9.959043343084806e-03

 271	1.214974244901736e+00
	1.000000000000000e-02
	9.959963717397506e-03

 272	1.219974244901736e+00
	1.000000000000000e-02
	9.960863409141383e-03

 273	1.224974244901736e+00
	1.000000000000000e-02
	9.961742883093259e-03

 274	1.229974244901735e+00
	1.000000000000000e-02
	9.962602593585545e-03

 275	1.234974244901735e+00
	1.000000000000000e-02
	9.963442984740929e-03

 276	1.239974244901735e+00
	1.000000000000000e-02
	9.964264490701808e-03

 277	1.244974244901735e+00
	1.000000000000000e-02
	9.965067535854577e-03

 278	1.249974244901735e+00
	1.000000000000000e-02
	9.965852535048855e-03

 279	1.254974244901735e+00
	1.000000000000000e-02
	9.966619893811802e-03

 280	1.259974244901735e+00
	1.000000000000000e-02
	9.967370008557606e-03

 281	1.264974244901735e+00
	1.000000000000000e-02
	9.968103266792268e-03

 282	1.269974244901735e+00
	1.000000000000000e-02
	9.968820047313790e-03

 283	1.274974244901734e+00
	1.000000000000000e-02
	9.969520720407863e-03

 284	1.279974244901734e+00
	1.000000000000000e-02
	9.970205648039149e-03

 285	1.284974244901734e+00
	1.000000000000000e-02
	9.970875184038271e-03

 286	1.289974244901734e+00
	1.000000000000000e-02
	9.971529674284604e-03

 287	1.294974244901734e+00
	1.000000000000000e-02
	9.972169456884951e-03

 288	1.299974244901734e+00
	1.000000000000000e-02
	9.972794862348210e-03

 289	1.304974244901734e+00
	1.000000000000000e-02
	9.973406213756116e-03

 290	1.309974244901734e+00
	1.000000000000000e-02
	9.974003826930134e-03

 291	1.314974244901734e+00
	1.000000000000000e-02
	9.974588010594627e-03

 292	1.319974244901734e+00
	1.000000000000000e-02
	9.975159066536319e-03

 293	1.324974244901733e+00
	1.000000000000000e-02
	9.975717289760221e-03

 294	1.329974244901733e+00
	1.000000000000000e-02
	9.976262968642017e-03

 295	1.334974244901733e+00
	1.000000000000000e-02
	9.976796385077029e-03

 296	1.339974244901733e+00
	1.000000000000000e-02
	9.977317814625859e-03

 297	1.344974244901733e+00
	1.000000000000000e-02
	9.977827526656742e-03

 298	1.349974244901733e+00
	1.000000000000000e-02
	9.978325784484682e-03

 299	1.354974244901733e+00
	1.000000000000000e-02
	9.978812845507499e-03

 300	1.359974244901733e+00
	1.000000000000000e-02
	9.979288961338791e-03

 301	1.364974244901733e+00
	1.000000000000000e-02
	9.979754377937919e-03

 302	1.369974244901732e+00
	1.000000000000000e-02
	9.980209335737067e-03

 303	1.374974244901732e+00
	1.000000000000000e-02
	9.980654069765447e-03

 304	1.379974244901732e+00
	1.000000000000000e-02
	9.981088809770718e-03

 305	1.384974244901732e+00
	1.000000000000000e-02
	9.981513780337669e-03

 306	1.389974244901732e+00
	1.000000000000000e-02
	9.981929201004238e-03

 307	1.394974244901732e+00
	1.000000000000000e-02
	9.982335286374929e-03

 308	1.399974244901732e+00
	1.000000000000000e-02
	9.982732246231670e-03

 309	1.404974244901732e+00
	1.000000000000000e-02
	9.983120285642194e-03

 310	1.409974244901732e+00
	1.000000000000000e-02
	9.983499605065964e-03

 311	1.414974244901732e+00
	1.000000000000000e-02
	9.983870400457740e-03

 312	1.419974244901731e+00
	1.000000000000000e-02
	9.984232863368803e-03

 313	1.424974244901731e+00
	1.000000000000000e-02
	9.984587181045907e-03

 314	1.429974244901731e+00
	1.000000000000000e-02
	9.984933536528020e-03

 315	1.434974244901731e+00
	1.000000000000000e-02
	9.985272108740874e-03

 316	1.439974244901731e+00
	1.000000000000000e-02
	9.985603072589394e-03

 317	1.444974244901731e+00
	1.000000000000000e-02
	9.985926599048060e-03

 318	1.449974244901731e+00
	1.000000000000000e-02
	9.986242855249228e-03

 319	1.454974244901731e+00
	1.000000000000000e-02
	9.986552004569473e-03

 320	1.459974244901731e+00
	1.000000000000000e-02
	9.986854206713979e-03

 321	1.464974244901730e+00
	1.000000000000000e-02
	9.987149617799059e-03

 322	1.469974244901730e+00
	1.000000000000000e-02
	9.987438390432790e-03

 323	1.474974244901730e+00
	1.000000000000000e-02
	9.987720673793853e-03

 324	1.479974244901730e+00
	1.000000000000000e-02
	9.987996613708599e-03

 325	1.484974244901730e+00
	1.000000000000000e-02
	9.988266352726384e-03

 326	1.489974244901730e+00
	1.000000000000000e-02
	9.988530030193208e-03

 327	1.494974244901730e+00
	1.000000000000000e-02
	9.988787782323698e-03

 328	1.499974244901730e+00
	1.000000000000000e-02
	9.989039742271479e-03

 329	1.504974244901730e+00
	1.000000000000000e-02
	9.989286040197963e-03

 330	1.509974244901729e+00
	1.000000000000000e-02
	9.989526803339584e-03

 331	1.514974244901729e+00
	1.000000000000000e-02
	9.989762156073527e-03

 332	1.519974244901729e+00
	1.000000000000000e-02
	9.989992219981985e-03

 333	1.524974244901729e+00
	1.000000000000000e-02
	9.990217113914974e-03

 334	1.529974244901729e+00
	1.000000000000000e-02
	9.990436954051716e-03

 335	1.534974244901729e+00
	1.000000000000000e-02
	9.990651853960664e-03

 336	1.539974244901729e+00
	1.000000000000000e-02
	9.990861924658177e-03

 337	1.544974244901729e+00
	1.000000000000000e-02
	9.991067274665857e-03

 338	1.549974244901729e+00
	1.000000000000000e-02
	9.991268010066622e-03

 339	1.554974244901729e+00
	1.000000000000000e-02
	9.991464234559506e-03

 340	1.559974244901728e+00
	1.000000000000000e-02
	9.991656049513223e-03

 341	1.564974244901728e+00
	1.000000000000000e-02
	9.991843554018545e-03

 342	1.569974244901728e+00
	1.000000000000000e-02
	9.992026844939477e-03

 343	1.574974244901728e+00
	1.000000000000000e-02
	9.992206016963306e-03

 344	1.579974244901728e+00
	1.000000000000000e-02
	9.992381162649522e-03

 345	1.584974244901728e+00
	1.000000000000000e-02
	9.992552372477623e-03

 346	1.589974244901728e+00
	1.000000000000000e-02
	9.992719734893856e-03

 347	1.594974244901728e+00
	1.000000000000000e-02
	9.992883336356916e-03

 348	1.599974244901728e+00
	1.000000000000000e-02
	9.993043261382603e-03

 349	1.604974244901727e+00
	1.000000000000000e-02
	9.993199592587487e-03

 350	1.609974244901727e+00
	1.000000000000000e-02
	9.993352410731588e-03

 351	1.614974244901727e+00
	1.000000000000000e-02
	9.993501794760091e-03

 352	1.619974244901727e+00
	1.000000000000000e-02
	9.993647821844132e-03

 353	1.624974244901727e+00
	1.000000000000000e-02
	9.993790567420670e-03

 354	1.629974244901727e+00
	1.000000000000000e-02
	9.993930105231443e-03

 355	1.634974244901727e+00
	1.000000000000000e-02
	9.994066507361076e-03

 356	1.639974244901727e+00
	1.000000000000000e-02
	9.994199844274307e-03

 357	1.644974244901727e+00
	1.000000000000000e-02
	9.994330184852410e-03

 358	1.649974244901727e+00
	1.000000000000000e-02
	9.994457596428759e-03

 359	1.654974244901726e+00
	1.000000000000000e-02
	9.994582144823618e-03

 360	1.659974244901726e+00
	1.000000000000000e-02
	9.994703894378145e-03

 361	1.664974244901726e+00
	1.000000000000000e-02
	9.994822907987626e-03

 362	1.669974244901726e+00
	1.000000000000000e-02
	9.994939247133973e-03

 363	1.674974244901726e+00
	1.000000000000000e-02
	9.995052971917481e-03

 364	1.679974244901726e+00
	1.000000000000000e-02
	9.995164141087877e-03

 365	1.684974244901726e+00
	1.000000000000000e-02
	9.995272812074666e-03

 366	1.689974244901726e+00
	1.000000000000000e-02
	9.995379041016810e-03

 367	1.694974244901726e+00
	1.000000000000000e-02
	9.995482882791713e-03

 368	1.699974244901725e+00
	1.000000000000000e-02
	9.995584391043583e-03

 369	1.704974244901725e+00
	1.000000000000000e-02
	9.995683618211145e-03

 370	1.709974244901725e+00
	1.000000000000000e-02
	9.995780615554716e-03

 371	1.714974244901725e+00
	1.000000000000000e-02
	9.995875433182701e-03

 372	1.719974244901725e+00
	1.000000000000000e-02
	9.995968120077471e-03

 373	1.724974244901725e+00
	1.000000000000000e-02
	9.996058724120675e-03

 374	1.729974244901725e+00
	1.000000000000000e-02
	9.996147292117964e-03

 375	1.734974244901725e+00
	1.000000000000000e-02
	9.996233869823179e-03

 376	1.739974244901725e+00
	1.000000000000000e-02
	9.996318501961981e-03

 377	1.744974244901724e+00
	1.000000000000000e-02
	9.996401232254969e-03

 378	1.749974244901724e+00
	1.000000000000000e-02
	9.996482103440252e-03

 379	1.754974244901724e+00
	1.000000000000000e-02
	9.996561157295528e-03

 380	1.759974244901724e+00
	1.000000000000000e-02
	9.996638434659675e-03

 381	1.764974244901724e+00
	1.000000000000000e-02
	9.996713975453838e-03

 382	1.769974244901724e+00
	1.000000000000000e-02
	9.996787818702065e-03

 383	1.774974244901724e+00
	1.000000000000000e-02
	9.996860002551454e-03

 384	1.779974244901724e+00
	1.000000000000000e-02
	9.996930564291868e-03

 385	1.784974244901724e+00
	1.000000000000000e-02
	9.996999540375197e-03

 386	1.789974244901724e+00
	1.000000000000000e-02
	9.997066966434182e-03

 387	1.794974244901723e+00
	1.000000000000000e-02
	9.997132877300828e-03

 388	1.799974244901723e+00
	1.000000000000000e-02
	9.997197307024403e-03

 389	1.804974244901723e+00
	1.000000000000000e-02
	9.997260288889025e-03

 390	1.809974244901723e+00
	1.000000000000000e-02
	9.997321855430846e-03

 391	1.814974244901723e+00
	1.000000000000000e-02
	9.997382038454874e-03

 392	1.819974244901723e+00
	1.000000000000000e-02
	9.997440869051393e-03

 393	1.824974244901723e+00
	1.000000000000000e-02
	9.997498377612038e-03

 394	1.829974244901723e+00
	1.000000000000000e-02
	9.997554593845475e-03

 395	1.834974244901723e+00
	1.000000000000000e-02
	9.997609546792768e-03

 396	1.839974244901722e+00
	1.000000000000000e-02
	9.997663264842369e-03

 397	1.844974244901722e+00
	1.000000000000000e-02
	9.997715775744789e-03

 398	1.849974244901722e+00
	1.000000000000000e-02
	9.997767106626929e-03

 399	1.854974244901722e+00
	1.000000000000000e-02
	9.997817284006099e-03

 400	1.859974244901722e+00
	1.000000000000000e-02
	9.997866333803715e-03

 401	1.864974244901722e+00
	1.000000000000000e-02
	9.997914281358690e-03

 402	1.869974244901722e+00
	1.000000000000000e-02
	9.997961151440518e-03

 403	1.874974244901722e+00
	1.000000000000000e-02
	9.998006968262080e-03

 404	1.879974244901722e+00
	1.000000000000000e-02
	9.998051755492147e-03

 405	1.884974244901721e+00
	1.000000000000000e-02
	9.998095536267603e-03

 406	1.889974244901721e+00
	1.000000000000000e-02
	9.998138333205410e-03

 407	1.894974244901721e+00
	1.000000000000000e-02
	9.998180168414276e-03

 408	1.899974244901721e+00
	1.000000000000000e-02
	9.998221063506089e-03

 409	1.904974244901721e+00
	1.000000000000000e-02
	9.998261039607074e-03

 410	1.909974244901721e+00
	1.000000000000000e-02
	9.998300117368712e-03

 411	1.914974244901721e+00
	1.000000000000000e-02
	9.998338316978403e-03

 412	1.919974244901721e+00
	1.000000000000000e-02
	9.998375658169897e-03

 413	1.924974244901721e+00
	1.000000000000000e-02
	9.998412160233493e-03

 414	1.929974244901721e+00
	1.000000000000000e-02
	9.998447842026000e-03

 415	1.934974244901720e+00
	1.000000000000000e-02
	9.998482721980471e-03

 416	1.939974244901720e+00
	1.000000000000000e-02
	9.998516818115739e-03

 417	1.944974244901720e+00
	1.000000000000000e-02
	9.998550148045723e-03

 418	1.949974244901720e+00
	1.000000000000000e-02
	9.998582728988514e-03

 419	1.954974244901720e+00
	1.000000000000000e-02
	9.998614577775289e-03

 420	1.959974244901720e+00
	1.000000000000000e-02
	9.998645710858988e-03

 421	1.964974244901720e+00
	1.000000000000000e-02
	9.998676144322829e-03

 422	1.969974244901720e+00
	1.000000000000000e-02
	9.998705893888607e-03

 423	1.974974244901720e+00
	1.000000000000000e-02
	9.998734974924818e-03

 424	1.979974244901719e+00
	1.000000000000000e-02
	9.998763402454596e-03

 425	1.984974244901719e+00
	1.000000000000000e-02
	9.998791191163481e-03

 426	1.989974244901719e+00
	1.000000000000000e-02
	9.998818355406997e-03

 427	1.994974244901719e+00
	1.000000000000000e-02
	9.998844909218074e-03

 428	1.999974244901719e+00
	1.000000000000000e-02
	9.998870866314298e-03

 429	2.001000002000000e+00
	1.000000000000000e-02
	9.998876118691850e-03

 430	2.001250002000000e+00
	7.500000000001386e-03
	9.996039709930567e-03

 431	2.001500002000000e+00
	5.000000000002771e-03
	9.991785263922699e-03

 432	2.001750002000000e+00
	2.500000000004157e-03
	9.984696353912571e-03

 433	2.002000002000000e+00
	0.000000000000000e+00
	9.974776199052921e-03

 434	2.002500002000001e+00
	0.000000000000000e+00
	9.952157658918987e-03

 435	2.003500002000002e+00
	0.000000000000000e+00
	9.907023157064425e-03

 436	2.005500002000004e+00
	0.000000000000000e+00
	9.817366838900839e-03

 437	2.009500002000009e+00
	0.000000000000000e+00
	9.640477346307819e-03

 438	2.014500002000009e+00
	0.000000000000000e+00
	9.423837405941354e-03

 439	2.019500002000009e+00
	0.000000000000000e+00
	9.212065778841550e-03

 440	2.024500002000009e+00
	0.000000000000000e+00
	9.005053064710281e-03

 441	2.029500002000009e+00
	0.000000000000000e+00
	8.802692321683084e-03

 442	2.034500002000009e+00
	0.000000000000000e+00
	8.604879011083463e-03

 443	2.039500002000008e+00
	0.000000000000000e+00
	8.411510943418667e-03

 444	2.044500002000008e+00
	0.000000000000000e+00
	8.222488225589035e-03

 445	2.049500002000008e+00
	0.000000000000000e+00
	8.037713209283665e-03

 446	2.054500002000008e+00
	0.000000000000000e+00
	7.857090440535718e-03

 447	2.059500002000008e+00
	0.000000000000000e+00
	7.680526610411320e-03

 448	2.064500002000008e+00
	0.000000000000000e+00
	7.507930506806573e-03

 449	2.069500002000008e+00
	0.000000000000000e+00
	7.339212967327775e-03

 450	2.074500002000008e+00
	0.000000000000000e+00
	7.174286833230522e-03

 451	2.079500002000008e+00
	0.000000000000000e+00
	7.013066904393879e-03

 452	2.084500002000008e+00
	0.000000000000000e+00
	6.855469895306374e-03

 453	2.089500002000007e+00
	0.000000000000000e+00
	6.701414392041060e-03

 454	2.094500002000007e+00
	0.000000000000000e+00
	6.550820810197439e-03

 455	2.099500002000007e+00
	0.000000000000000e+00
	6.403611353788509e-03

 456	2.104500002000007e+00
	0.000000000000000e+00
	6.259709975051687e-03

 457	2.109500002000007e+00
	0.000000000000000e+00
	6.119042335162883e-03

 458	2.114500002000007e+00
	0.000000000000000e+00
	5.981535765833379e-03

 459	2.119500002000007e+00
	0.000000000000000e+00
	5.847119231769706e-03

 460	2.124500002000007e+00
	0.000000000000000e+00
	5.715723293977130e-03

 461	2.129500002000007e+00
	0.000000000000000e+00
	5.587280073887756e-03

 462	2.134500002000006e+00
	0.000000000000000e+00
	5.461723218294773e-03

 463	2.139500002000006e+00
	0.000000000000000e+00
	5.338987865074665e-03

 464	2.144500002000006e+00
	0.000000000000000e+00
	5.219010609679728e-03

 465	2.149500002000006e+00
	0.000000000000000e+00
	5.101729472383554e-03

 466	2.154500002000006e+00
	0.000000000000000e+00
	4.987083866262574e-03

 467	2.159500002000006e+00
	0.000000000000000e+00
	4.875014565897123e-03

 468	2.164500002000006e+00
	0.000000000000000e+00
	4.765463676775840e-03

 469	2.169500002000006e+00
	0.000000000000000e+00
	4.658374605387619e-03

 470	2.174500002000006e+00
	0.000000000000000e+00
	4.553692029985650e-03

 471	2.179500002000005e+00
	0.000000000000000e+00
	4.451361872008446e-03

 472	2.184500002000005e+00
	0.000000000000000e+00
	4.351331268143087e-03

 473	2.189500002000005e+00
	0.000000000000000e+00
	4.253548543016275e-03

 474	2.194500002000005e+00
	0.000000000000000e+00
	4.157963182499055e-03

 475	2.199500002000005e+00
	0.000000000000000e+00
	4.064525807611435e-03

 476	2.204500002000005e+00
	0.000000000000000e+00
	3.973188149013425e-03

 477	2.209500002000005e+00
	0.000000000000000e+00
	3.883903022069303e-03

 478	2.214500002000005e+00
	0.000000000000000e+00
	3.796624302472241e-03

 479	2.219500002000005e+00
	0.000000000000000e+00
	3.711306902416684e-03

 480	2.224500002000005e+00
	0.000000000000000e+00
	3.627906747306196e-03

 481	2.229500002000004e+00
	0.000000000000000e+00
	3.546380752984708e-03

 482	2.234500002000004e+00
	0.000000000000000e+00
	3.466686803479432e-03

 483	2.239500002000004e+00
	0.000000000000000e+00
	3.388783729243939e-03

 484	2.244500002000004e+00
	0.000000000000000e+00
	3.312631285890142e-03

 485	2.249500002000004e+00
	0.000000000000000e+00
	3.238190133398229e-03

 486	2.254500002000004e+00
	0.000000000000000e+00
	3.165421815793774e-03

 487	2.259500002000004e+00
	0.000000000000000e+00
	3.094288741281555e-03

 488	2.264500002000004e+00
	0.000000000000000e+00
	3.024754162825789e-03

 489	2.269500002000004e+00
	0.000000000000000e+00
	2.956782159166782e-03

 490	2.274500002000003e+00
	0.000000000000000e+00
	2.890337616264157e-03

 491	2.279500002000003e+00
	0.000000000000000e+00
	2.825386209157096e-03

 492	2.284500002000003e+00
	0.000000000000000e+00
	2.761894384232218e-03

 493	2.289500002000003e+00
	0.000000000000000e+00
	2.699829341889920e-03

 494	2.294500002000003e+00
	0.000000000000000e+00
	2.639159019600259e-03

 495	2.299500002000003e+00
	0.000000000000000e+00
	2.579852075339579e-03

 496	2.304500002000003e+00
	0.000000000000000e+00
	2.521877871399363e-03

 497	2.309500002000003e+00
	0.000000000000000e+00
	2.465206458558928e-03

 498	2.314500002000003e+00
	0.000000000000000e+00
	2.409808560613783e-03

 499	2.319500002000003e+00
	0.000000000000000e+00
	2.355655559251676e-03

 500	2.324500002000002e+00
	0.000000000000000e+00
	2.302719479268492e-03

 501	2.329500002000002e+00
	0.000000000000000e+00
	2.250972974116391e-03

 502	2.334500002000002e+00
	0.000000000000000e+00
	2.200389311776696e-03

 503	2.339500002000002e+00
	0.000000000000000e+00
	2.150942360950253e-03

 504	2.344500002000002e+00
	0.000000000000000e+00
	2.102606577558113e-03

 505	2.349500002000002e+00
	0.000000000000000e+00
	2.055356991545571e-03

 506	2.354500002000002e+00
	0.000000000000000e+00
	2.009169193982749e-03

 507	2.359500002000002e+00
	0.000000000000000e+00
	1.964019324455047e-03

 508	2.364500002000002e+00
	0.000000000000000e+00
	1.919884058736956e-03

 509	2.369500002000001e+00
	0.000000000000000e+00
	1.876740596742867e-03

 510	2.374500002000001e+00
	0.000000000000000e+00
	1.834566650748645e-03

 511	2.379500002000001e+00
	0.000000000000000e+00
	1.793340433877889e-03

 512	2.384500002000001e+00
	0.000000000000000e+00
	1.753040648846925e-03

 513	2.389500002000001e+00
	0.000000000000000e+00
	1.713646476962725e-03

 514	2.394500002000001e+00
	0.000000000000000e+00
	1.675137567368057e-03

 515	2.399500002000001e+00
	0.000000000000000e+00
	1.637494026528325e-03

 516	2.404500002000001e+00
	0.000000000000000e+00
	1.600696407954655e-03

 517	2.409500002000001e+00
	0.000000000000000e+00
	1.564725702157921e-03

 518	2.414500002000000e+00
	0.000000000000000e+00
	1.529563326828530e-03

 519	2.419500002000000e+00
	0.000000000000000e+00
	1.495191117236878e-03

 520	2.424500002000000e+00
	0.000000000000000e+00
	1.461591316849532e-03

 521	2.429500002000000e+00
	0.000000000000000e+00
	1.428746568156284e-03

 522	2.434500002000000e+00
	0.000000000000000e+00
	1.396639903703334e-03

 523	2.439500002000000e+00
	0.000000000000000e+00
	1.365254737327978e-03

 524	2.444500002000000e+00
	0.000000000000000e+00
	1.334574855590270e-03

 525	2.449500002000000e+00
	0.000000000000000e+00
	1.304584409397230e-03

 526	2.454500002000000e+00
	0.000000000000000e+00
	1.275267905815270e-03

 527	2.459500002000000e+00
	0.000000000000000e+00
	1.246610200066612e-03

 528	2.464500001999999e+00
	0.000000000000000e+00
	1.218596487705565e-03

 529	2.469500001999999e+00
	0.000000000000000e+00
	1.191212296970608e-03

 530	2.474500001999999e+00
	0.000000000000000e+00
	1.164443481308347e-03

 531	2.479500001999999e+00
	0.000000000000000e+00
	1.138276212065462e-03

 532	2.484500001999999e+00
	0.000000000000000e+00
	1.112696971344890e-03

 533	2.489500001999999e+00
	0.000000000000000e+00
	1.087692545022533e-03

 534	2.494500001999999e+00
	0.000000000000000e+00
	1.063250015920903e-03

 535	2.499500001999999e+00
	0.000000000000000e+00
	1.039356757136163e-03

 536	2.504500001999999e+00
	0.000000000000000e+00
	1.016000425515126e-03

 537	2.509500001999998e+00
	0.000000000000000e+00
	9.931689552788309e-04

 538	2.514500001999998e+00
	0.000000000000000e+00
	9.708505517894188e-04

 539	2.519500001999998e+00
	0.000000000000000e+00
	9.490336854570720e-04

 540	2.524500001999998e+00
	0.000000000000000e+00
	9.277070857838793e-04

 541	2.529500001999998e+00
	0.000000000000000e+00
	9.068597355415449e-04

 542	2.534500001999998e+00
	0.000000000000000e+00
	8.864808650799371e-04

 543	2.539500001999998e+00
	0.000000000000000e+00
	8.665599467635339e-04

 544	2.544500001999998e+00
	0.000000000000000e+00
	8.470866895328928e-04

 545	2.549500001999998e+00
	0.000000000000000e+00
	8.280510335883334e-04

 546	2.554500001999997e+00
	0.000000000000000e+00
	8.094431451930897e-04

 547	2.559500001999997e+00
	0.000000000000000e+00
	7.912534115932450e-04

 548	2.564500001999997e+00
	0.000000000000000e+00
	7.734724360518238e-04

 549	2.569500001999997e+00
	0.000000000000000e+00
	7.560910329944794e-04

 550	2.574500001999997e+00
	0.000000000000000e+00
	7.391002232642664e-04

 551	2.579500001999997e+00
	0.000000000000000e+00
	7.224912294830467e-04

 552	2.584500001999997e+00
	0.000000000000000e+00
	7.062554715171356e-04

 553	2.589500001999997e+00
	0.000000000000000e+00
	6.903845620448403e-04

 554	2.594500001999997e+00
	0.000000000000000e+00
	6.748703022236080e-04

 555	2.599500001999997e+00
	0.000000000000000e+00
	6.597046774545382e-04

 556	2.604500001999996e+00
	0.000000000000000e+00
	6.448798532420766e-04

 557	2.609500001999996e+00
	0.000000000000000e+00
	6.303881711467490e-04

 558	2.614500001999996e+00
	0.000000000000000e+00
	6.162221448288445e-04

 559	2.619500001999996e+00
	0.000000000000000e+00
	6.023744561810051e-04

 560	2.624500001999996e+00
	0.000000000000000e+00
	5.888379515477240e-04

 561	2.629500001999996e+00
	0.000000000000000e+00
	5.756056380297975e-04

 562	2.634500001999996e+00
	0.000000000000000e+00
	5.626706798718243e-04

 563	2.639500001999996e+00
	0.000000000000000e+00
	5.500263949308844e-04

 564	2.644500001999996e+00
	0.000000000000000e+00
	5.376662512245725e-04

 565	2.649500001999995e+00
	0.000000000000000e+00
	5.255838635566046e-04

 566	2.654500001999995e+00
	0.000000000000000e+00
	5.137729902182541e-04

 567	2.659500001999995e+00
	0.000000000000000e+00
	5.022275297639113e-04

 568	2.664500001999995e+00
	0.000000000000000e+00
	4.909415178591043e-04

 569	2.669500001999995e+00
	0.000000000000000e+00
	4.799091241993491e-04

 570	2.674500001999995e+00
	0.000000000000000e+00
	4.691246494982401e-04

 571	2.679500001999995e+00
	0.000000000000000e+00
	4.585825225432233e-04

 572	2.684500001999995e+00
	0.000000000000000e+00
	4.482772973175329e-04

 573	2.689500001999995e+00
	0.000000000000000e+00
	4.382036501868019e-04

 574	2.694500001999995e+00
	0.000000000000000e+00
	4.283563771488963e-04

 575	2.699500001999994e+00
	0.000000000000000e+00
	4.187303911455503e-04

 576	2.704500001999994e+00
	0.000000000000000e+00
	4.093207194344143e-04

 577	2.709500001999994e+00
	0.000000000000000e+00
	4.001225010201576e-04

 578	2.714500001999994e+00
	0.000000000000000e+00
	3.911309841433000e-04

 579	2.719500001999994e+00
	0.000000000000000e+00
	3.823415238254730e-04

 580	2.724500001999994e+00
	0.000000000000000e+00
	3.737495794698444e-04

 581	2.729500001999994e+00
	0.000000000000000e+00
	3.653507125154660e-04

 582	2.734500001999994e+00
	0.000000000000000e+00
	3.571405841443321e-04

 583	2.739500001999994e+00
	0.000000000000000e+00
	3.491149530399651e-04

 584	2.744500001999993e+00
	0.000000000000000e+00
	3.412696731963703e-04

 585	2.749500001999993e+00
	0.000000000000000e+00
	3.336006917762271e-04

 586	2.754500001999993e+00
	0.000000000000000e+00
	3.261040470172108e-04

 587	2.759500001999993e+00
	0.000000000000000e+00
	3.187758661853634e-04

 588	2.764500001999993e+00
	0.000000000000000e+00
	3.116123635744563e-04

 589	2.769500001999993e+00
	0.000000000000000e+00
	3.046098385503112e-04

 590	2.774500001999993e+00
	0.000000000000000e+00
	2.977646736390683e-04

 591	2.779500001999993e+00
	0.000000000000000e+00
	2.910733326584150e-04

 592	2.784500001999993e+00
	0.000000000000000e+00
	2.845323588908101e-04

 593	2.789500001999992e+00
	0.000000000000000e+00
	2.781383732977583e-04

 594	2.794500001999992e+00
	0.000000000000000e+00
	2.718880727742131e-04

 595	2.799500001999992e+00
	0.000000000000000e+00
	2.657782284422083e-04

 596	2.804500001999992e+00
	0.000000000000000e+00
	2.598056839828329e-04

 597	2.809500001999992e+00
	0.000000000000000e+00
	2.539673540056907e-04

 598	2.814500001999992e+00
	0.000000000000000e+00
	2.482602224550010e-04

 599	2.819500001999992e+00
	0.000000000000000e+00
	2.426813410515179e-04

 600	2.824500001999992e+00
	0.000000000000000e+00
	2.372278277694613e-04

 601	2.829500001999992e+00
	0.000000000000000e+00
	2.318968653476756e-04

 602	2.834500001999992e+00
	0.000000000000000e+00
	2.266856998342447e-04

 603	2.839500001999991e+00
	0.000000000000000e+00
	2.215916391638122e-04

 604	2.844500001999991e+00
	0.000000000000000e+00
	2.166120517668726e-04

 605	2.849500001999991e+00
	0.000000000000000e+00
	2.117443652103137e-04

 606	2.854500001999991e+00
	0.000000000000000e+00
	2.069860648685089e-04

 607	2.859500001999991e+00
	0.000000000000000e+00
	2.023346926242728e-04

 608	2.864500001999991e+00
	0.000000000000000e+00
	1.977878455990082e-04

 609	2.869500001999991e+00
	0.000000000000000e+00
	1.933431749113900e-04

 610	2.874500001999991e+00
	0.000000000000000e+00
	1.889983844639431e-04

 611	2.879500001999991e+00
	0.000000000000000e+00
	1.847512297568882e-04

 612	2.884500001999990e+00
	0.000000000000000e+00
	1.805995167286435e-04

 613	2.889500001999990e+00
	0.000000000000000e+00
	1.765411006223818e-04

 614	2.894500001999990e+00
	0.000000000000000e+00
	1.725738848780587e-04

 615	2.899500001999990e+00
	0.000000000000000e+00
	1.686958200493383e-04

 616	2.904500001999990e+00
	0.000000000000000e+00
	1.649049027448587e-04

 617	2.909500001999990e+00
	0.000000000000000e+00
	1.611991745932889e-04

 618	2.914500001999990e+00
	0.000000000000000e+00
	1.575767212316419e-04

 619	2.919500001999990e+00
	0.000000000000000e+00
	1.540356713163241e-04

 620	2.924500001999990e+00
	0.000000000000000e+00
	1.505741955564067e-04

 621	2.929500001999990e+00
	0.000000000000000e+00
	1.471905057686223e-04

 622	2.934500001999989e+00
	0.000000000000000e+00
	1.438828539535971e-04

 623	2.939500001999989e+00
	0.000000000000000e+00
	1.406495313928421e-04

 624	2.944500001999989e+00
	0.000000000000000e+00
	1.374888677660366e-04

 625	2.949500001999989e+00
	0.000000000000000e+00
	1.343992302881482e-04

 626	2.954500001999989e+00
	0.000000000000000e+00
	1.313790228659426e-04

 627	2.959500001999989e+00
	0.000000000000000e+00
	1.284266852734495e-04

 628	2.964500001999989e+00
	0.000000000000000e+00
	1.255406923459562e-04

 629	2.969500001999989e+00
	0.000000000000000e+00
	1.227195531921145e-04

 630	2.974500001999989e+00
	0.000000000000000e+00
	1.199618104237524e-04

 631	2.979500001999988e+00
	0.000000000000000e+00
	1.172660394029939e-04

 632	2.984500001999988e+00
	0.000000000000000e+00
	1.146308475062974e-04

 633	2.989500001999988e+00
	0.000000000000000e+00
	1.120548734050322e-04

 634	2.994500001999988e+00
	0.000000000000000e+00
	1.095367863622225e-04

 635	2.999500001999988e+00
	0.000000000000000e+00
	1.070752855450939e-04

 636	3.004500001999988e+00
	0.000000000000000e+00
	1.046690993530693e-04

 637	3.009500001999988e+00
	0.000000000000000e+00
	1.023169847608655e-04

 638	3.014500001999988e+00
	0.000000000000000e+00
	1.000177266763517e-04

 639	3.019500001999988e+00
	0.000000000000000e+00
	9.777013731283818e-05

 640	3.024500001999987e+00
	0.000000000000000e+00
	9.557305557547105e-05

 641	3.029500001999987e+00
	0.000000000000000e+00
	9.342534646141551e-05

 642	3.034500001999987e+00
	0.000000000000000e+00
	9.132590047351850e-05

 643	3.039500001999987e+00
	0.000000000000000e+00
	8.927363304714728e-05

 644	3.044500001999987e+00
	0.000000000000000e+00
	8.726748398990802e-05

 645	3.049500001999987e+00
	0.000000000000000e+00
	8.530641693395504e-05

 646	3.054500001999987e+00
	0.000000000000000e+00
	8.338941880060774e-05

 647	3.059500001999987e+00
	0.000000000000000e+00
	8.151549927699858e-05

 648	3.064500001999987e+00
	0.000000000000000e+00
	7.968369030448174e-05

 649	3.069500001999987e+00
	0.000000000000000e+00
	7.789304557853832e-05

 650	3.074500001999986e+00
	0.000000000000000e+00
	7.614264005991947e-05

 651	3.079500001999986e+00
	0.000000000000000e+00
	7.443156949677522e-05

 652	3.084500001999986e+00
	0.000000000000000e+00
	7.275894995752186e-05

 653	3.089500001999986e+00
	0.000000000000000e+00
	7.112391737420674e-05

 654	3.094500001999986e+00
	0.000000000000000e+00
	6.952562709613466e-05

 655	3.099500001999986e+00
	0.000000000000000e+00
	6.796325345352488e-05

 656	3.104500001999986e+00
	0.000000000000000e+00
	6.643598933097374e-05

 657	3.109500001999986e+00
	0.000000000000000e+00
	6.494304575050239e-05

 658	3.114500001999986e+00
	0.000000000000000e+00
	6.348365146397424e-05

 659	3.119500001999985e+00
	0.000000000000000e+00
	6.205705255467145e-05

 660	3.124500001999985e+00
	0.000000000000000e+00
	6.066251204782489e-05

 661	3.129500001999985e+00
	0.000000000000000e+00
	5.929930952989623e-05

 662	3.134500001999985e+00
	0.000000000000000e+00
	5.796674077641541e-05

 663	3.139500001999985e+00
	0.000000000000000e+00
	5.666411738818136e-05

 664	3.144500001999985e+00
	0.000000000000000e+00
	5.539076643563797e-05

 665	3.149500001999985e+00
	0.000000000000000e+00
	5.414603011124163e-05

 666	3.154500001999985e+00
	0.000000000000000e+00
	5.292926538964070e-05

 667	3.159500001999985e+00
	0.000000000000000e+00
	5.173984369549146e-05

 668	3.164500001999984e+00
	0.000000000000000e+00
	5.057715057873884e-05

 669	3.169500001999984e+00
	0.000000000000000e+00
	4.944058539719415e-05

 670	3.174500001999984e+00
	0.000000000000000e+00
	4.832956100624597e-05

 671	3.179500001999984e+00
	0.000000000000000e+00
	4.724350345554380e-05

 672	3.184500001999984e+00
	0.000000000000000e+00
	4.618185169249787e-05

 673	3.189500001999984e+00
	0.000000000000000e+00
	4.514405727244172e-05

 674	3.194500001999984e+00
	0.000000000000000e+00
	4.412958407530819e-05

 675	3.199500001999984e+00
	0.000000000000000e+00
	4.313790802867205e-05

 676	3.204500001999984e+00
	0.000000000000000e+00
	4.216851683701650e-05

 677	3.209500001999984e+00
	0.000000000000000e+00
	4.122090971708354e-05

 678	3.214500001999983e+00
	0.000000000000000e+00
	4.029459713917155e-05

 679	3.219500001999983e+00
	0.000000000000000e+00
	3.938910057424635e-05

 680	3.224500001999983e+00
	0.000000000000000e+00
	3.850395224673520e-05

 681	3.229500001999983e+00
	0.000000000000000e+00
	3.763869489287598e-05

 682	3.234500001999983e+00
	0.000000000000000e+00
	3.679288152449675e-05

 683	3.239500001999983e+00
	0.000000000000000e+00
	3.596607519810357e-05

 684	3.244500001999983e+00
	0.000000000000000e+00
	3.515784878915742e-05

 685	3.249500001999983e+00
	0.000000000000000e+00
	3.436778477142355e-05

 686	3.254500001999983e+00
	0.000000000000000e+00
	3.359547500127920e-05

 687	3.259500001999982e+00
	0.000000000000000e+00
	3.284052050686844e-05

 688	3.264500001999982e+00
	0.000000000000000e+00
	3.210253128199499e-05

 689	3.269500001999982e+00
	0.000000000000000e+00
	3.138112608464679e-05

 690	3.274500001999982e+00
	0.000000000000000e+00
	3.067593224004798e-05

 691	3.279500001999982e+00
	0.000000000000000e+00
	2.998658544813679e-05

 692	3.284500001999982e+00
	0.000000000000000e+00
	2.931272959536967e-05

 693	3.289500001999982e+00
	0.000000000000000e+00
	2.865401657075463e-05

 694	3.294500001999982e+00
	0.000000000000000e+00
	2.801010608601858e-05

 695	3.299500001999982e+00
	0.000000000000000e+00
	2.738066549981591e-05

 696	3.304500001999982e+00
	0.000000000000000e+00
	2.676536964588747e-05

 697	3.309500001999981e+00
	0.000000000000000e+00
	2.616390066508101e-05

 698	3.314500001999981e+00
	0.000000000000000e+00
	2.557594784114660e-05

 699	3.319500001999981e+00
	0.000000000000000e+00
	2.500120744022196e-05

 700	3.324500001999981e+00
	0.000000000000000e+00
	2.443938255392484e-05

 701	3.329500001999981e+00
	0.000000000000000e+00
	2.389018294597147e-05

 702	3.334500001999981e+00
	0.000000000000000e+00
	2.335332490224177e-05

 703	3.339500001999981e+00
	0.000000000000000e+00
	2.282853108421387e-05

 704	3.344500001999981e+00
	0.000000000000000e+00
	2.231553038569221e-05

 705	3.349500001999981e+00
	0.000000000000000e+00
	2.181405779275531e-05

 706	3.354500001999980e+00
	0.000000000000000e+00
	2.132385424685069e-05

 707	3.359500001999980e+00
	0.000000000000000e+00
	2.084466651096640e-05

 708	3.364500001999980e+00
	0.000000000000000e+00
	2.037624703880985e-05

 709	3.369500001999980e+00
	0.000000000000000e+00
	1.991835384692649e-05

 710	3.374500001999980e+00
	0.000000000000000e+00
	1.947075038969218e-05

 711	3.379500001999980e+00
	0.000000000000000e+00
	1.903320543711483e-05

 712	3.384500001999980e+00
	0.000000000000000e+00
	1.860549295538191e-05

 713	3.389500001999980e+00
	0.000000000000000e+00
	1.818739199009242e-05

 714	3.394500001999980e+00
	0.000000000000000e+00
	1.777868655211282e-05

 715	3.399500001999979e+00
	0.000000000000000e+00
	1.737916550599792e-05

 716	3.404500001999979e+00
	0.000000000000000e+00
	1.698862246091931e-05

 717	3.409500001999979e+00
	0.000000000000000e+00
	1.660685566404472e-05

 718	3.414500001999979e+00
	0.000000000000000e+00
	1.623366789631338e-05

 719	3.419500001999979e+00
	0.000000000000000e+00
	1.586886637055353e-05

 720	3.424500001999979e+00
	0.000000000000000e+00
	1.551226263188940e-05

 721	3.429500001999979e+00
	0.000000000000000e+00
	1.516367246038627e-05

 722	3.434500001999979e+00
	0.000000000000000e+00
	1.482291577588321e-05

 723	3.439500001999979e+00
	0.000000000000000e+00
	1.448981654496448e-05

 724	3.444500001999979e+00
	0.000000000000000e+00
	1.416420269002146e-05

 725	3.449500001999978e+00
	0.000000000000000e+00
	1.384590600035806e-05

 726	3.454500001999978e+00
	0.000000000000000e+00
	1.353476204529384e-05

 727	3.459500001999978e+00
	0.000000000000000e+00
	1.323061008921982e-05

 728	3.464500001999978e+00
	0.000000000000000e+00
	1.293329300856319e-05

 729	3.469500001999978e+00
	0.000000000000000e+00
	1.264265721061795e-05

 730	3.474500001999978e+00
	0.000000000000000e+00
	1.235855255419957e-05

 731	3.479500001999978e+00
	0.000000000000000e+00
	1.208083227208273e-05

 732	3.484500001999978e+00
	0.000000000000000e+00
	1.180935289518199e-05

 733	3.489500001999978e+00
	0.000000000000000e+00
	1.154397417843632e-05

 734	3.494500001999977e+00
	0.000000000000000e+00
	1.128455902835910e-05

 735	3.499500001999977e+00
	0.000000000000000e+00
	1.103097343221620e-05

 736	3.504500001999977e+00
	0.000000000000000e+00
	1.078308638879561e-05

 737	3.509500001999977e+00
	0.000000000000000e+00
	1.054076984073279e-05

 738	3.514500001999977e+00
	0.000000000000000e+00
	1.030389860835678e-05

 739	3.519500001999977e+00
	0.000000000000000e+00
	1.007235032502292e-05

 740	3.524500001999977e+00
	0.000000000000000e+00
	9.846005373898802e-06

 741	3.529500001999977e+00
	0.000000000000000e+00
	9.624746826170738e-06

 742	3.534500001999977e+00
	0.000000000000000e+00
	9.408460380638809e-06

 743	3.539500001999976e+00
	0.000000000000000e+00
	9.197034304669396e-06

 744	3.544500001999976e+00
	0.000000000000000e+00
	8.990359376474579e-06

 745	3.549500001999976e+00
	0.000000000000000e+00
	8.788328828688635e-06

 746	3.554500001999976e+00
	0.000000000000000e+00
	8.590838293212484e-06

 747	3.559500001999976e+00
	0.000000000000000e+00
	8.397785747297596e-06

 748	3.564500001999976e+00
	0.000000000000000e+00
	8.209071460841470e-06

 749	3.569500001999976e+00
	0.000000000000000e+00
	8.024597944867504e-06

 750	3.574500001999976e+00
	0.000000000000000e+00
	7.844269901162615e-06

 751	3.579500001999976e+00
	0.000000000000000e+00
	7.667994173046600e-06

 752	3.584500001999976e+00
	0.000000000000000e+00
	7.495679697247799e-06

 753	3.589500001999975e+00
	0.000000000000000e+00
	7.327237456860210e-06

 754	3.594500001999975e+00
	0.000000000000000e+00
	7.162580435357735e-06

 755	3.599500001999975e+00
	0.000000000000000e+00
	7.001623571641832e-06

 756	3.604500001999975e+00
	0.000000000000000e+00
	6.844283716099318e-06

 757	3.609500001999975e+00
	0.000000000000000e+00
	6.690479587647647e-06

 758	3.614500001999975e+00
	0.000000000000000e+00
	6.540131731745453e-06

 759	3.619500001999975e+00
	0.000000000000000e+00
	6.393162479346678e-06

 760	3.624500001999975e+00
	0.000000000000000e+00
	6.249495906777089e-06

 761	3.629500001999975e+00
	0.000000000000000e+00
	6.109057796512435e-06

 762	3.634500001999974e+00
	0.000000000000000e+00
	5.971775598837998e-06

 763	3.639500001999974e+00
	0.000000000000000e+00
	5.837578394369729e-06

 764	3.644500001999974e+00
	0.000000000000000e+00
	5.706396857417600e-06

 765	3.649500001999974e+00
	0.000000000000000e+00
	5.578163220172260e-06

 766	3.654500001999974e+00
	0.000000000000000e+00
	5.452811237696479e-06

 767	3.659500001999974e+00
	0.000000000000000e+00
	5.330276153703301e-06

 768	3.664500001999974e+00
	0.000000000000000e+00
	5.210494667103226e-06

 769	3.669500001999974e+00
	0.000000000000000e+00
	5.093404899303153e-06

 770	3.674500001999974e+00
	0.000000000000000e+00
	4.978946362240160e-06

 771	3.679500001999974e+00
	0.000000000000000e+00
	4.867059927133639e-06

 772	3.684500001999973e+00
	0.000000000000000e+00
	4.757687793939626e-06

 773	3.689500001999973e+00
	0.000000000000000e+00
	4.650773461491544e-06

 774	3.694500001999973e+00
	0.000000000000000e+00
	4.546261698311959e-06

 775	3.699500001999973e+00
	0.000000000000000e+00
	4.444098514080229e-06

 776	3.704500001999973e+00
	0.000000000000000e+00
	4.344231131741348e-06

 777	3.709500001999973e+00
	0.000000000000000e+00
	4.246607960241543e-06

 778	3.714500001999973e+00
	0.000000000000000e+00
	4.151178567876564e-06

 779	3.719500001999973e+00
	0.000000000000000e+00
	4.057893656238889e-06

 780	3.724500001999973e+00
	0.000000000000000e+00
	3.966705034750375e-06

 781	3.729500001999972e+00
	0.000000000000000e+00
	3.877565595767221e-06

 782	3.734500001999972e+00
	0.000000000000000e+00
	3.790429290244362e-06

 783	3.739500001999972e+00
	0.000000000000000e+00
	3.705251103946736e-06

 784	3.744500001999972e+00
	0.000000000000000e+00
	3.621987034195123e-06

 785	3.749500001999972e+00
	0.000000000000000e+00
	3.540594067134558e-06

 786	3.754500001999972e+00
	0.000000000000000e+00
	3.461030155513556e-06

 787	3.759500001999972e+00
	0.000000000000000e+00
	3.383254196962689e-06

 788	3.764500001999972e+00
	0.000000000000000e+00
	3.307226012761280e-06

 789	3.769500001999972e+00
	0.000000000000000e+00
	3.232906327081251e-06

 790	3.774500001999971e+00
	0.000000000000000e+00
	3.160256746697402e-06

 791	3.779500001999971e+00
	0.000000000000000e+00
	3.089239741153640e-06

 792	3.784500001999971e+00
	0.000000000000000e+00
	3.019818623374907e-06

 793	3.789500001999971e+00
	0.000000000000000e+00
	2.951957530714797e-06

 794	3.794500001999971e+00
	0.000000000000000e+00
	2.885621406429071e-06

 795	3.799500001999971e+00
	0.000000000000000e+00
	2.820775981565496e-06

 796	3.804500001999971e+00
	0.000000000000000e+00
	2.757387757260653e-06

 797	3.809500001999971e+00
	0.000000000000000e+00
	2.695423987434571e-06

 798	3.814500001999971e+00
	0.000000000000000e+00
	2.634852661874243e-06

 799	3.819500001999971e+00
	0.000000000000000e+00
	2.575642489697293e-06

 800	3.824500001999970e+00
	0.000000000000000e+00
	2.517762883187241e-06

 801	3.829500001999970e+00
	0.000000000000000e+00
	2.461183941992022e-06

 802	3.834500001999970e+00
	0.000000000000000e+00
	2.405876437677595e-06

 803	3.839500001999970e+00
	0.000000000000000e+00
	2.351811798628660e-06

 804	3.844500001999970e+00
	0.000000000000000e+00
	2.298962095288689e-06

 805	3.849500001999970e+00
	0.000000000000000e+00
	2.247300025731640e-06

 806	3.854500001999970e+00
	0.000000000000000e+00
	2.196798901557895e-06

 807	3.859500001999970e+00
	0.000000000000000e+00
	2.147432634107156e-06

 808	3.864500001999970e+00
	0.000000000000000e+00
	2.099175720981153e-06

 809	3.869500001999969e+00
	0.000000000000000e+00
	2.052003232869217e-06

 810	3.874500001999969e+00
	0.000000000000000e+00
	2.005890800669909e-06

 811	3.879500001999969e+00
	0.000000000000000e+00
	1.960814602902046e-06

 812	3.884500001999969e+00
	0.000000000000000e+00
	1.916751353398629e-06

 813	3.889500001999969e+00
	0.000000000000000e+00
	1.873678289277311e-06

 814	3.894500001999969e+00
	0.000000000000000e+00
	1.831573159181192e-06

 815	3.899500001999969e+00
	0.000000000000000e+00
	1.790414211783861e-06

 816	3.904500001999969e+00
	0.000000000000000e+00
	1.750180184552764e-06

 817	3.909500001999969e+00
	0.000000000000000e+00
	1.710850292765061e-06

 818	3.914500001999969e+00
	0.000000000000000e+00
	1.672404218770340e-06

 819	3.919500001999968e+00
	0.000000000000000e+00
	1.634822101494602e-06

 820	3.924500001999968e+00
	0.000000000000000e+00
	1.598084526180117e-06

 821	3.929500001999968e+00
	0.000000000000000e+00
	1.562172514355845e-06

 822	3.934500001999968e+00
	0.000000000000000e+00
	1.527067514033242e-06

 823	3.939500001999968e+00
	0.000000000000000e+00
	1.492751390122382e-06

 824	3.944500001999968e+00
	0.000000000000000e+00
	1.459206415063453e-06

 825	3.949500001999968e+00
	0.000000000000000e+00
	1.426415259668768e-06

 826	3.954500001999968e+00
	0.000000000000000e+00
	1.394360984170593e-06

 827	3.959500001999968e+00
	0.000000000000000e+00
	1.363027029470131e-06

 828	3.964500001999967e+00
	0.000000000000000e+00
	1.332397208583161e-06

 829	3.969500001999967e+00
	0.000000000000000e+00
	1.302455698277922e-06

 830	3.974500001999967e+00
	0.000000000000000e+00
	1.273187030900890e-06

 831	3.979500001999967e+00
	0.000000000000000e+00
	1.244576086386263e-06

 832	3.984500001999967e+00
	0.000000000000000e+00
	1.216608084444999e-06

 833	3.989500001999967e+00
	0.000000000000000e+00
	1.189268576929381e-06

 834	3.994500001999967e+00
	0.000000000000000e+00
	1.162543440369170e-06

 835	3.999500001999967e+00
	0.000000000000000e+00
	1.136418868675480e-06

 836	4.000000000000000e+00
	0.000000000000000e+00
	1.133839040461552e-06

